spawns: 
  default: 
    world: world
    x: 1630.9688915955326
    y: 67.5
    z: -791.9608490754421
    yaw: -270.01422
    pitch: 18.599056
  admin: 
    world: world
    x: 1630.9688915955326
    y: 67.5
    z: -791.9608490754421
    yaw: -270.01422
    pitch: 18.599056
