spawns: 
  default: 
    world: world
    x: 1631.699999988079
    y: 68.0
    z: -791.942294631094
    yaw: -269.34634
    pitch: 19.64956
  admin: 
    world: world
    x: 1631.699999988079
    y: 68.0
    z: -791.9321874059958
    yaw: -269.34634
    pitch: 19.64956
