world: world
x: 1608.4776513573274
y: 66.0
z: -784.9207094035094
yaw: -315.2627
pitch: 19.499443
name: Market
