lastAccountName: canucka
timestamps:
  login: 1538666791460
  lastteleport: 1538667525747
  logout: 1538615079843
ipAddress: 142.244.5.159
homes: {}
lastlocation:
  world: world
  x: 3655.7651745988906
  y: 31.0
  z: -846.6162178331689
  yaw: -41.67423
  pitch: 3.4489162
afk: false
money: '22626.0'
logoutlocation:
  world: world
  x: 1631.0669233755943
  y: 67.5
  z: -792.1662272721502
  yaw: -270.23886
  pitch: 22.949842
