lastAccountName: ChiefRedwater
timestamps:
  login: 1543360809062
  logout: 1543361351587
ipAddress: 174.3.166.142
lastlocation:
  world: world
  x: 1626.5
  y: 64.0
  z: -782.5
  yaw: 5.9191136
  pitch: 0.0
money: '152'
logoutlocation:
  world: world
  x: 1629.7918662590748
  y: 67.5
  z: -791.1861219152553
  yaw: -278.42117
  pitch: 15.749201
