lastAccountName: _Cloudwing_
timestamps:
  login: 1539109912033
  logout: 1539110901682
ipAddress: 142.244.5.141
lastlocation:
  world: world
  x: 1637.5
  y: 64.0
  z: -791.5
  yaw: 0.58537924
  pitch: 0.0
logoutlocation:
  world: world
  x: 1456.398545981633
  y: 50.0
  z: -781.659807780459
  yaw: 257.7126
  pitch: 28.650024
