lastAccountName: _Cloudwing_
timestamps:
  login: 1538781487190
  logout: 1538783210664
ipAddress: 142.244.5.139
lastlocation:
  world: world
  x: 1637.5
  y: 64.0
  z: -791.5
  yaw: 0.58537924
  pitch: 0.0
logoutlocation:
  world: world
  x: 1465.3414459381784
  y: 50.0
  z: -782.3000000119209
  yaw: 12.607164
  pitch: -17.40002
